0
9.703225806451613
11.664516129032258
17.651612903225807
20.18064516129032
22.296774193548387
23.12258064516129
23.948387096774194
29.212903225806453
29.316129032258065
33.85806451612903
35.66451612903226
39.89677419354839
42.89032258064516
43.148387096774194
43.66451612903226
44.593548387096774
44.593548387096774
46.29677419354839
46.29677419354839
49.18709677419355
51.50967741935484
54.81290322580645
54.81290322580645
55.74193548387097
56.980645161290326
57.54838709677419
58.116129032258065
60.593548387096774
62.4
62.96774193548387
63.535483870967745
64.15483870967742
64.61935483870968
65.49677419354839
65.90967741935484
66.21935483870968
66.99354838709678
67.2
67.30322580645161
68.12903225806451
68.28387096774193
69.21290322580646
70.03870967741935
71.2258064516129
71.53548387096774
72.15483870967742
72.25806451612904
74.99354838709678
75.40645161290323
76.02580645161291
76.12903225806451
79.48387096774194
79.48387096774194
80.10322580645162
80.51612903225806
80.61935483870968
80.7741935483871
81.03225806451613
81.6
82.52903225806452
83.30322580645161
83.66451612903226
86.03870967741935
86.55483870967743
89.03225806451613
89.08387096774193
89.44516129032257
90.68387096774194
90.73548387096774
91.97419354838709
92.28387096774193
93.00645161290322
93.00645161290322
93.31612903225806
94.24516129032259
94.91612903225807
96
99.56129032258065
99.56129032258065
99.81935483870967
100.7483870967742
101.88387096774194
102.81290322580645
106.73548387096774
106.99354838709678
107.40645161290323
110.29677419354839
113.54838709677419
114.11612903225806
114.47741935483872
115.04516129032258
122.16774193548387
124.18064516129033
128
